OFP（μm/m3）	P(O3)net_Mea (ppbv/h)	OH reactivity (s-1)	TVOCs（μm/m3）
30.7579	      14.9875	                 4.61534	9.65121
29.6787	      12.3969	                 3.80286	9.3193
26.242	      15.8564	                 2.85227	8.8308
31.5775	      7.7251	                 3.07192	11.1903
30.329	      8.71939	                 3.0532	11.714
32.3383	      13.2295	                 3.38226	11.7982
27.5917	      13.189	                 3.82437	11.9989
31.3921	      9.8924	                 2.31177	9.07209
41.0774	     10.6942	                 3.15934	15.1442
59.5812	     22.9071	                 6.08122	21.9837
45.3727	     18.5374	                 3.86471	17.2122
17.7031      11.0238	                 2.12751	7.44688
